100
87 9406
117 11081
106 12282
119 7730
105 9688
102 11375
104 9119
89 10926
88 10508
91 10791
102 10386
112 8836
95 10696
80 9673
93 9623
101 10261
119 9910
99 11262
98 10210
91 8542
88 9524
98 10086
87 8717
104 10240
106 11047
97 8936
106 10254
105 10571
96 9829
109 9248
96 8737
79 11378
93 10774
105 8427
112 9468
93 9149
98 9210
98 9879
99 9192
92 10974
108 9404
88 9500
94 9739
94 8372
93 8593
90 11568
103 9873
118 10277
73 10182
98 9581
759 2057796406
1064 1930687236
1047 1795393119
1032 1963986608
1081 1921261965
774 2084283441
1151 1720492315
1024 2066686619
1141 2065692606
981 1903042486
994 2034968391
1041 2063986039
956 2020855915
1074 2141245618
1039 1907497307
1119 2067249397
1192 1968568724
852 1982423518
984 1965196413
862 1966057169
1163 1868701056
916 1897018619
1150 2057499918
754 1805840590
785 2037414765
977 1753794075
1096 1873356155
1005 1978288387
750 2031335776
826 2056787144
899 2049490532
963 2086025276
853 1985516700
1204 2119298542
1088 1872939641
955 2033662954
1095 2038409809
910 1891321846
1038 2097242878
1007 1832295459
1089 2059087613
930 1961217528
1215 1890213218
1021 2112951044
974 2005181619
968 1947800181
933 1803607232
997 1976711430
1072 2061143869
1050 1974882702
